Warning: The value of local variables may have been changed to match the
         globals.  Future versions of MATLAB will require that you declare
         a variable to be global before you use that variable. 
> In Main_inc_liyang at 10 
nPoseOld =
     1
nAddPoses =
     1
nPoseNew =
     4
nPts =
       60000
nAllposes =
     4
P1-P2: Angle(29) = 0.926858!
P1-P2: Angle(52) = 0.735311!
P1-P2: Angle(64) = 0.576494!
P1-P2: Angle(257) = 0.775972!
P1-P2: Angle(311) = 0.784542!
P1-P2: Angle(355) = 0.696678!
P1-P2: Angle(412) = 0.964930!
P1-P2: Angle(436) = 0.707396!
P1-P2: Angle(438) = 0.675033!
P1-P2: Angle(482) = 0.827393!
P1-P2: Angle(574) = 0.966302!
P1-P2: Angle(657) = 0.700217!
P1-P2: Angle(774) = 0.772614!
P1-P2: Angle(781) = 0.493126!
P1-P2: Angle(819) = 0.774946!
P1-P2: Angle(952) = 0.824114!
P1-P2: Angle(959) = 0.705447!
P1-P2: Angle(1029) = 0.667757!
P1-P2: Angle(1072) = 0.789467!
P1-P2: Angle(1102) = 0.803707!
P1-P2: Angle(1172) = 0.784784!
P1-P2: Angle(1210) = 0.803472!
P1-P2: Angle(1338) = 0.785851!
P1-P2: Angle(1441) = 0.690266!

24/42 to be removed. 
Ground Truth Value:
	 Xg=[0.000000 -0.000000 0.000000 0.000000 0.000000 0.814803 0.000000 -0.000000 0.000000 0.000000 0.000000 0.703225 0.000000 -0.000000 0.000000 0.000000 0.000000 0.977447 30.594582 9.684921 ...]

Initial Value:
	 X0=[0.000387 0.000265 0.000857 -0.002996 0.000482 0.618179 0.000413 0.001229 0.000536 -0.013782 -0.000037 0.307839 -0.002124 0.001320 0.000186 -0.025884 0.000248 0.388776 23.290087 7.388661 ...]
me =
   14.0671
id =
    67
times=0 chi2=38.39980569, maxE = 5.649767, id=144 maxDx = 8.971005
times=1 chi2=1.22737942, maxE = 0.995031, id=144 maxDx = 3.009338
times=2 chi2=0.12537506, maxE = 0.204870, id=141 maxDx = 0.400923
times=3 chi2=0.12172811, maxE = 0.208894, id=141 maxDx = 0.038226
times=4 chi2=0.12172409, maxE = 0.209324, id=141 maxDx = 0.003376
times=5 chi2=0.12172406, maxE = 0.209372, id=141 maxDx = 0.000268
times=6 chi2=0.12172406, maxE = 0.209378, id=141 maxDx = 0.000022
times=7 chi2=0.12172406, maxE = 0.209379, id=141 maxDx = 0.000002
times=8 chi2=0.12172406, maxE = 0.209379, id=141 maxDx = 0.000000
times=9 chi2=0.12172406, maxE = 0.209379, id=141 maxDx = 0.000000
times=10 chi2=0.12172406, maxE = 0.209379, id=141 maxDx = 0.000000
times=11 chi2=0.12172406, maxE = 0.209379, id=141 maxDx = 0.000000
times=12 chi2=0.12172406, maxE = 0.209379, id=141 maxDx = 0.000000
Iteration Times:	 N = 12
nReason =
     0
Elapsed time is 0.887560 seconds.

###Poses[x(1-18)], Features[x(19-72)], Velocity[x(73-84)]###
Final Error: maxXef=2.364743, idx=67